35.239603 
 25.754598 
 6.907772 
 5.005263 
 4.118078 
 3.484116 
 2.498837 
 1.989821 
 1.576276 
 1.292776 
 0.941091 
 0.684864 
 0.447946 
 0.413620 
 0.327929 
 0.289305 
 0.224021 
 0.205499 
 0.199417 
 0.194988 
 0.192406 
 0.188001 
 0.184243 
 0.178116 
 0.172270 
 0.159043 
 0.129077 
 0.121424 
 0.097189 
 0.085263 
 0.060120 
 0.052046 
 0.029560 
 0.016112 
 0.011644 
 0.009576 
 0.008166 
 0.006917 
 0.006568 
 0.006238 
 0.005971 
 0.005452 
 0.004816 
 0.004153 
 0.003810 
 0.003680 
 0.003607 
 0.003504 
 0.003288 
 0.002891 
 0.002415 
 0.002136 
 0.002050 
 0.002035 
 0.002029 
 0.002011 
 0.001973 
 0.001882 
 0.001693 
 0.001391 
 0.001080 
 0.000882 
 0.000794 
 0.000749 
 0.000666 
 0.000506 
 0.000268 
 0.000091 
 0.000021 
 0.000001 
 0.000000 
 0.000000 
 0.000000 
 0.000000 
 0.000000 

